{"align_transformation": [[0.9270939537439467, -0.047263024018142794, -0.3718373400992368, 6.599951369166467e-05], [-0.08488107007644646, 0.9397758365356252, -0.33108394857866474, 9.699869966566485e-05], [0.36509177596063797, 0.3385078782309548, 0.867248759873129, 0.0004400168170920894], [0.0, 0.0, 0.0, 1.0]]}