{"joint_transformation": [[0.9937573133633909, 0.09731030316291774, -0.05456287231365126, 0.0001092567214412211], [0.020974567541368505, 0.31739085881420814, 0.948062819784442, 3.941250044411635e-05], [0.10957403731371489, -0.9432887933393022, 0.31336844561514554, 0.0004439833209023433], [0.0, 0.0, 0.0, 1.0]]}